name,address,type
Flower Basket,Forney,Florist
Kim's Creations Flowers,Forney,Florist
Kim's Weddings and Events,Forney,Wedding planner
The Wild Orchid Floral Design & Gifts,Sunnyvale,Florist
Dana Daniels Designs,,Florist
