name,address,type
The Bookceller,Walker,Used book store
Christian book store,,Religious book store
Cavalier House Books,Denham Springs,Book store
SonLife Christian Store,Denham Springs,Christian book store
Goodwill,Walker,Thrift store
"books, manuals",Baton Rouge,Book store
Walmart Supercenter,Walker,Department store
A Time Gone Bye,Walker,Antique store
Carol Ter Haar,Baton Rouge,Book store
Louisiana Double Play,Baton Rouge,Comic book store
Dollar Tree,Walker,Dollar store
Distinctive Gifts,Walker,Florist
Family Dollar,Walker,Dollar store
Country Home Antiques & Gifts,Walker,Antique store
Dollar General,Walker,Dollar store
Dollar General,Walker,Dollar store
Barnes & Noble,Baton Rouge,Book store
"Between the Lines Bookstore, LLC",Baton Rouge,Book store
Cottonwood Books,Baton Rouge,Book store
Barnes & Noble,Baton Rouge,Book store
Ollie's Bargain Outlet,Denham Springs,Book store
Barnes & Noble at LSU,Baton Rouge,Book store
Southeastern Louisiana University Bookstore,Hammond,Book store
Radio Bible & Book Room,Walker,Religious organization
Boardwalk Motorcars,Walker,Car dealer
Dollar General,Denham Springs,Dollar store
The Conundrum,St Francisville,Book store
Barnes & Noble,Mandeville,Book store
Barnes & Noble,Metairie,Book store
Tubby & Coo's Mid-City Book Shop,New Orleans,Book store
Dollar General,Denham Springs,Dollar store
Barnes & Noble,Lafayette,Book store
Garden District Book Shop,New Orleans,Book store
Nicholls State UNIV Bookstore,Thibodaux,Book store
Barnes & Noble,Harvey,Book store
Faulkner House Books,New Orleans,Book store
Beckham's BookShop,New Orleans,Used book store
Michaels,Denham Springs,Craft store
Dollar General,Denham Springs,Dollar store
UNO Bookstore,New Orleans,Book store
Walmart Supercenter,Denham Springs,Department store
Heritage House Antiques,Denham Springs,Antique store
Dollar Tree,Denham Springs,Dollar store
Delgado Bookstore,New Orleans,Book store
Catholic Book Store,New Orleans,Book store
Blue Cypress Books,New Orleans,Book store
University Book Store,Lafayette,Book store
Alexander Books,Lafayette,Used book store
Loyola University New Orleans Bookstore,New Orleans,Book store
Dollar General,Denham Springs,Dollar store
Dollar General,Denham Springs,Dollar store
Walmart Supercenter,Denham Springs,Department store
Louisiana State University - Alexandria Bookstore,Alexandria,Book store
Rouses Market,Denham Springs,Grocery store
Barnes & Noble Tulane University,New Orleans,Book store
Dollar General,Denham Springs,Dollar store
Tractor Supply Co.,Denham Springs,Home improvement store
Sam's Club,Denham Springs,Warehouse club
Goodwill Industries of Southeastern Louisiana,Baton Rouge,Thrift store
Dollar General,Denham Springs,Dollar store
Dollar General,Denham Springs,Dollar store
Dollar General,Denham Springs,Dollar store
Dollar Tree,Denham Springs,Dollar store
Dollar General,Livingston,Dollar store
Walmart Supercenter,Baton Rouge,Department store
Tim's Proficient Plumbing Repair LLC,,Plumber
Dollar Tree,Baton Rouge,Dollar store
Dirt Cheap,Baton Rouge,Discount store
Vintage Soul,Baton Rouge,Antique store
Louisiana Delta Com. College Bookstore,Monroe,Book store
Rocket's Hideout Cards & Games,Baton Rouge,Game store
Dollar Tree,Baton Rouge,Dollar store
Dollar General,Holden,Dollar store
ULM Bookstore,Monroe,Book store
Purple Cow,Baton Rouge,Thrift store
The Coin Shop,Denham Springs,Coin dealer
Dollar Tree,Baton Rouge,Dollar store
Dollar General,Baton Rouge,Dollar store
Louisiana Tech Bookstore,Ruston,Book store
Barnes & Noble,Grambling,Book store
Walmart Supercenter,Baton Rouge,Department store
Barnes & Noble,Shreveport,Book store
Walmart Supercenter,Baton Rouge,Department store
Bayou Booksellers,Hammond,Gift shop
Gotham Archery and Axe Throwing: Baton Rouge,Central,Archery range
buybuy BABY,Baton Rouge,Children's furniture store
Goodwill,Baton Rouge,Thrift store
Sinsations,Hammond,Adult entertainment
Walmart Supercenter,Baton Rouge,Department store
Bossier Parish Community College Bookstore,Bossier City,Book store
NSU Campus Store,Natchitoches,Book store
Avenue Bibles Books & Gifts,Ruston,Book store
Barnes & Noble College Bookstore at LSUS,Shreveport,Book store
Southern University at Shreveport Bookstore,Shreveport,Book store
Dollar General,Pine Grove,Dollar store
Walgreens,Denham Springs,Pharmacy
Walmart Supercenter,Amite City,Department store
"Kaliya S. Williams, RPH",Denham Springs,Pharmacy
First Baptist Church of Algiers,Walker,Baptist church
PetSmart,Baton Rouge,Pet supply store
