name,address,type
zachary train depot,,Museum
Young Family Cemetery,,Museum
Heritage Museum & Cultural Centre,Baker,Heritage museum
Port Hudson National Cemetery,Jackson,Museum
Museum of Art,,Art museum
Civil War,The Bluffs,Museum
Republic of W Florida Museum,Jackson,Museum
Historic Cemetery,,Museum
Daniels Property,St Francisville,Museum
Sunny Slope Plantation,Jackson,Museum
Capitol Park Museum,Baton Rouge,Museum
Louisiana Art & Science Museum,Baton Rouge,Museum
West Baton Rouge Museum,Port Allen,Museum
USS KIDD Veterans Museum - Temporarily Closed,Baton Rouge,Museum
Louisiana State University Rural Life Museum,Baton Rouge,Museum
LSU Museum of Art,Baton Rouge,Art museum
Louisiana's Old State Capitol,Baton Rouge,Museum
CARTE Museum,Baton Rouge,Museum
Pointe Coupee Museum,New Roads,Museum
Pentagon Barracks Museum,Baton Rouge,Museum
Knock Knock Children's Museum,Baton Rouge,Museum
LSU Museum of Natural Science,Baton Rouge,Museum
Odell S. Williams African-American Museum,Baton Rouge,Museum
Burden Museum & Gardens,Baton Rouge,Museum
Governor's Mansion,Baton Rouge,Museum
Iberville Museum,Plaquemine,Museum
San Francisco Plantation,Garyville,Historical place museum
Oaklawn Manor,Franklin,Museum
Addis Historical Museum,Addis,Museum
Andonie Sports Museum at LSU,Baton Rouge,Museum
National Hansen's Disease Museum,Carville,Museum
Chretien Point Plantation Louisiana,,Museum
Julien Poydras Museum and Art Center,New Roads,Museum
Allendale Plantation Historical Marker,,Museum
River Road African American Museum,Donaldsonville,Museum
Houmas House and Gardens,Darrow,Historical place museum
Whitney Plantation,Edgard,Museum
Hungarian Museum,Hammond,History museum
Louisiana Children's Discovery Center,Hammond,Children's museum
Collinswood Museum,Ponchatoula,Museum
The National WWII Museum,New Orleans,War museum
Shaw Center for the Arts,Baton Rouge,Museum
Wedell-Williams Aviation and Cypress Sawmill Museum,Patterson,History museum
Camp Moore Museum,Kentwood,Museum
Bayou Teche Museum,New Iberia,Museum
Louisiana Orphan Train Museum,Opelousas,Museum
Hilliard Art Museum,Lafayette,Art museum
Delta Music Museum & Arcade Theatre,Ferriday,Museum
Lafayette Science Museum,Lafayette,Science museum
Magnolia Mound Plantation,Baton Rouge,Museum
Lake Pontchartrain Basin Maritime Museum,Madisonville,Museum
Wetlands Acadian Cultural Center,Thibodaux,Museum
Acadian Memorial and Museum,St Martinville,History museum
Swamp Pop Museum,Ville Platte,Museum
Bayou Terrebonne Waterlife Museum,Houma,Museum
New Orleans Museum of Art,New Orleans,Art museum
Jeanerette Museum,Jeanerette,Museum
UCM Museum/Abita Mystery House,Abita Springs,Museum
Mardi Gras World,New Orleans,Art museum
Children's Museum of Acadiana,Lafayette,Museum
Louisiana History Museum,Alexandria,Museum
The Presbytère,New Orleans,Local history museum
Southdown Plantation The Terrebonne Museum,Houma,Museum
Shadows-on-the-Teche,New Iberia,Historical place museum
Alexandre Mouton House,Lafayette,Museum
Audubon Butterfly Garden and Insectarium,New Orleans,Museum of zoology
1850 House,New Orleans,Museum
New Orleans Jazz Museum,New Orleans,Heritage museum
Alexandria Museum of Art,Alexandria,Art museum
Destrehan Plantation,Destrehan,Museum
Louisiana Maneuvers & Military Museum,Pineville,Museum
Louisiana Children's Museum,New Orleans,Children's museum
Southern Forest Heritage Museum,Forest Hill,Heritage museum
Louisiana State Museum,New Orleans,Museum
Center For Traditional Louisiana Boat Building & Museum,Lockport,Museum
Cajun Music Hall of Fame,Eunice,Local history museum
Ogden Museum of Southern Art,New Orleans,Art museum
The Acadian Museum of Erath LA,Erath,Museum
Gueydan Museum,Gueydan,Museum
New Orleans Pharmacy Museum,New Orleans,History museum
Sydney and Walda Besthoff Sculpture Garden,New Orleans,Sculpture museum
The Historic New Orleans Collection (New exhibition center),New Orleans,History museum
Haunted Museum & Spirit Shop,New Orleans,Heritage museum
W.H Tupper General Merchandise Museum,Jennings,Museum
T.R.E.E. House,Alexandria,Museum
Hermione Museum,Tallulah,Museum
Southern Food and Beverage Museum & Museum of the American Cocktail,New Orleans,Museum
Kent Plantation House,Alexandria,Historical place museum
Arna Bontemps African-American,Alexandria,Museum
Rosemont Plantation,,Museum
Louisiana Political Museum,Winnfield,Museum
Westwego Historical Musuem,Westwego,Museum
Gallier House,New Orleans,Museum
Zigler Art Museum,Jennings,Art museum
Chennault Aviation & Military Museum,Monroe,Museum
Museum of West Louisiana,Leesville,Museum
Louisiana State Cotton Museum,Lake Providence,Museum
Louisiana Sports Hall of Fame,Natchitoches,Museum
Mardi Gras Museum of Imperial Calcasieu,Lake Charles,Local history museum
Biedenharn Museum & Garden,Monroe,Museum
