name,address,type
Thayer's Flowers Inc.,South Harwich,Florist
New England Gardens,Harwich,Florist
Lady Brett's Flowers,,Florist
Moonshell Design,Chatham,Florist
Stop & Shop Florist,Harwich,Florist
White Flowers,Harwich Port,Florist
Fancy Flowers By Meredith,Orleans,Florist
Cape Cod Tree & Landscape,Chatham,Landscaper
Stony Hill Exchange,Chatham,Florist
Bloom Florist & Gift Shop,Orleans,Florist
Floral Design By Beth,Harwich,Florist
Blossoms Florist of Cape Cod,Dennis,Florist
Stop & Shop Florist,,Florist
Stop & Shop Florist,South Dennis,Florist
Petal & Stem,South Yarmouth,Florist
Lily's Florist and Gifts,South Yarmouth,Florist
Botanique of Cape Cod,South Yarmouth,Florist
Designers Touch,Brewster,Event planner
Stop & Shop Florist,,Florist
Blossoms By The Bay,,Florist
Gold & Rose,,Florist
Stop & Shop Florist,,Florist
Flower Angels USA,South Yarmouth,Non-profit organization
Mayflower Shop,Chatham,Home goods store
Bee & Blossom,Hyannis,Florist
Petals on Pine,,Florist
