name,address,type
Barnes & Noble,Bellingham,Book store
"TJ Collectibles, Inc.",Milford,Game store
Aesop's Fable,Holliston,Book store
Brainerd F Phillipson Rare Bks,Holliston,Book store
Tatnuck Bookseller,Westborough,Book store
BuriedBooks,,Rare book store
Music & Arts,Milford,Music store
Friendly Neighborhood Comics,Bellingham,Comic book store
Target,Milford,Department store
Staples,Milford,Office supply store
Dollar Tree,Milford,Dollar store
JOANN Fabrics and Crafts,Milford,Fabric store
Dollar Tree,Milford,Dollar store
Fernanda Melo Books,,Book store
CVS,Milford,Drug store
Central Street Resale,Milford,Clothing store
Walgreens,Milford,Drug store
Dollar General,Milford,Dollar store
BrasBooks,,Book store
Barnes & Noble,Framingham,Book store
Best Buy,Milford,Music store
Big Lots,Milford,Discount store
The UPS Store,Milford,Shipping and mailing service
Breakdown: A Clinician's Experience in a Broken System of Emergency Psychiatry,,Law book store
Newbury Comics,Natick,Comic book store
Barnes & Noble,Worcester,Book store
Barnes & Noble,Millbury,Book store
Stop & Shop,Milford,Grocery store
Thomas Mart,Milford,Convenience store
O'Reilly Auto Parts,Milford,Auto parts store
Kohl's Milford,Milford,Department store
Shaw's,Milford,Grocery store
Mallory Launch,,Book store
Arcos Market,Milford,Grocery store
HomeGoods,Milford,Home goods store
Libreria Cristiana Atalaya Christian Bookstore Inc.,Millbury,Book store
Jay's Classic Unlimited Barbershop,Milford,Barber shop
Starbucks,Milford,Coffee shop
Advance Auto Parts,Milford,Auto parts store
Petco - Curbside Pick-Up Now Available!,Milford,Pet supply store
Milford Ace Hardware,Milford,Hardware store
CosmoProf,Milford,Beauty supply store
Barnes & Noble,East Walpole,Book store
AutoZone Auto Parts,Milford,Auto parts store
Purchase Street Market Inc,Milford,Grocery store
Becker College Bookstore - Worcester,Worcester,Book store
Town Fair Tire,Milford,Tire shop
7-Eleven,Milford,Convenience store
Lowe's Home Improvement,Milford,Home improvement store
Newbury Comics,Marlborough,Comic book store
"Yacanna Gift Company, Inc",Milford,Gift shop
"Koopman Lumber Co, Inc.",Milford,Paint store
Bed Bath & Beyond,Milford,Department store
Pet Supplies Plus,Milford,Pet supply store
NorthEast Electrical,Milford,Electrical supply store
Sherwin-Williams Paint Store,Milford,Paint store
Big Y World Class Market,Milford,Grocery store
Oliva's Market,Milford,Grocery store
Edible Arrangements,Milford,Gift shop
Mattress Firm Milford,Milford,Mattress store
Sprint Store,Milford,Cell phone store
Frank's Appliance Service,Milford,Appliance store
The Tasting Room,Milford,Wine store
Carquest Auto Parts - D&M Auto Parts,Milford,Auto parts store
Geek Squad,Milford,Mobile phone repair shop
Meineke Car Care Center,Milford,Auto repair shop
Milford Auto Mall,Milford,Used car dealer
CraftRoots Brewing,Milford,Brewery
SiteOne Landscape Supply,Milford,Landscaping supply store
"Capezio Milford, MA",Milford,Dance store
Staples Print & Marketing Services,Milford,Copy shop
SKECHERS Warehouse Outlet,Milford,Shoe store
Miracle-Ear Hearing Aid Center,Milford,Hearing aid store
"Oliva's Market, Catering & Gourmet Gifts",Milford,Caterer
Target Optical,Milford,Eye care center
Milford Nissan,Milford,Nissan dealer
Nevermind Shop,Upton,Music store
Walgreens Photo,Milford,Passport photo processor
Greater Milford Eye Associates,Milford,Optometrist
Magnolia,Milford,Electronics store
The Blessing Barn Bargain Basement,5 Hastings St,Thrift store
Walgreens Pharmacy,91 Prospect St,Pharmacy
Imperial Hyundai,154 E Main St,Hyundai dealer
HearingLife,2 Cape Rd 140 Suite 1,Audiologist
Thrifty Witch Consignment Shoppe,3 Mill St,Book store
The Lash Lounge Milford – Milford Crossing,124 Medway Rd Unit 2,Beauty salon
Walmart,250 Hartford Ave,Discount store
Children's Orchard Westborough,18 Lyman St,Children's clothing store
"Gallo Moving & Storage, LLC",120 Quarry Dr,Moving and storage service
Savers,500 Cochituate Rd,Thrift store
Jemsbooks,,Book store
GameStop,258 Hartford Ave,Video game store
Resellables,163 Mendon St,Thrift store
PetSmart,213 Hartford Ave,Pet supply store
Savers,1500 Diamond Hill Rd,Thrift store
Furniture Re-Store,60 Mellen St,Furniture store
The Blessing Barn,5 Hastings St,Thrift store
Savers,222A E Main St,Thrift store
St Anthony's Book & Gift Shop,61 Waverly St,Gift shop
Barnstorm Music II,98 Main St,Musical instrument store
Savers,Worcester,Thrift store
No Other Book Like This,,Book store
"Desiree's Desires, Inc.",Upton,Adult entertainment store
Preparation Breeds Success,,Book store
Savers,North Attleborough,Thrift store
Savers,Norwood,Thrift store
Comic Store,Nashua,Comic book store
Barnes & Noble,Nashua,Book store
Let's Eat Together,,Book store
Walgreens Pharmacy,Medway,Pharmacy
Boucher's Good Books,Worcester,Religious goods store
Dollar Tree,Ashland,Dollar store
Comcast Service Center,Bellingham,Internet service provider
Habitat for Humanity ReStore,Ashland,Home goods store
The Paper Store,Bellingham,Gift shop
Staples,Bellingham,Office supply store
Scanner Master Corporation,Holliston,Electronics store
Big Lots,Ashland,Discount store
BJ's Wholesale,Franklin,Warehouse club
Fair Shopping Plaza,,Shopping mall
Nativity Advent Calendar,Hopkinton,Home goods store
Imperial Cars,Mendon,Car dealer
Imperial Chevrolet,Mendon,Chevrolet dealer
The Toadstool Bookshop,Keene,Book store
Learning Express Toys,Franklin,Toy store
Book a Bounce LLC,Milford,Party equipment rental service
The Happy Retriever,Holliston,Dog trainer
Bethany House Hope Chest,Millis,Thrift store
RPG Coffee,,Coffee store
Vendetti Motors,Franklin,GMC dealer
Caesar Rondina Author,,Book store
Costco Wholesale,Dedham,Warehouse store
Treasures Thrift Store,North Grafton,Thrift store
Off The Common Antiques,Grafton,Antique store
Guitar Center,Millbury,Music store
Walmart Supercenter,Whitinsville,Department store
Big Y World Class Market,Franklin,Grocery store
135 Discount,Ashland,Discount store
Milford Bicycle,Milford,
Freedom Digital Printing,Ashland,Print shop
The Chop Shop,Milford,Barber shop
Target Photo Center,Milford,Photo lab
