name,address,type
Clothes Mentor Arlington Heights (Now Hiring),862 W Dundee Rd,Women's clothing store
Le Obsession Boutique,16 S Dunton Ave,Women's clothing store
Catherines,Arlington Heights,Plus size clothing store
Charisma,Arlington Heights,Women's clothing store
LOFT,Arlington Heights,Women's clothing store
Berman's Big & Tall Men's Clothing Store,Arlington Heights,Men's clothing store
Ross Dress for Less,Arlington Heights,Clothing store
Men's Wearhouse,Arlington Heights,Men's clothing store
Burlington,Arlington Heights,Clothing store
Marshalls,Arlington Heights,Clothing store
Eco Diva Clothing,Arlington Heights,Women's clothing store
A La Mode Collections,Arlington Heights,Boutique
Target,Arlington Heights,Clothing store
Asteri Furs,Arlington Heights,Clothing store
Scrubs Outlet,Arlington Heights,Clothing store
"Reliable High Performance Products, Inc.",Arlington Heights,Clothing store
Sharp Wear Inc,Arlington Heights,Clothing store
Arlington Heights Scout Shop,Arlington Heights,Clothing store
Upstairs Boutique & Gift,Arlington Heights,Boutique
10 Years of Genius,,Clothing store
Clothes Mentor Arlington Heights (Now Hiring),Arlington Heights,Women's clothing store
Le Obsession Boutique,Arlington Heights,Women's clothing store
Catherines,Arlington Heights,Plus size clothing store
Charisma,Arlington Heights,Women's clothing store
LOFT,Arlington Heights,Women's clothing store
Executive Clothiers,Prospect Heights,Men's clothing store
Transformations by Rori,Arlington Heights,Clothing store
CCS,Arlington Heights,Women's clothing store
Sylvia Tailor Shop,Arlington Heights,Custom tailor
Old Navy,Mt Prospect,Clothing store
Rosemarie's Closet,Arlington Heights,Fashion accessories store
Angel Dreams,Arlington Heights,Baby clothing store
LUCILLE ...resale reinvented,Arlington Heights,Thrift store
Atelier Igar Bridal,Arlington Heights,Bridal shop
Second Chance Clothing,,Used clothing store
Tanit d'or Resale Store,Arlington Heights,Vintage clothing store
Kohl's Arlington Heights,Arlington Heights,Department store
DICK'S Sporting Goods,Arlington Heights,Clothing store
The Toy Shop & Motolounge,Arlington Heights,Clothing store
Discovery Clothing,Buffalo Grove,Women's clothing store
Alesia C. Studio | Wedding & Evening Couture Dresses | Alteration | Tuxedos Suits,Buffalo Grove,Bridal shop
FlutterFab Boutique II,Arlington Heights,Boutique
Maurices,Mt Prospect,Women's clothing store
Posh kids resale,Arlington Heights,Children's clothing store
Torrid,Mt Prospect,Plus size clothing store
Lol (Living Out Loud),,Clothing store
A-Z Medical Supply,Arlington Heights,Uniform store
High-5 Printwear Inc,Arlington Heights,T-shirt store
Lover's Lane,Arlington Heights,Lingerie store
Walgreens,Arlington Heights,Drug store
Walgreens,Arlington Heights,Drug store
Aramark Uniform Services,Arlington Heights,Uniform store
Sylvia's Tailoring & Tuxedo,Arlington Heights,Tailor
Walgreens,Arlington Heights,Drug store
Party City,Arlington Heights,Party store
Tootsies -Shoes & Apparel for Women & Children,Arlington Heights,Shoe store
The World's Oldest Sport,Arlington Heights,Sportswear store
Halloween City,Arlington Heights,Costume store
Halloween City,Arlington Heights,Costume store
Aldaliz Western Wear Inc,Rolling Meadows,Western apparel store
Pavlis Furs,Arlington Heights,Fur service
Baby Depot,,Baby store
Walgreens,Arlington Heights,Drug store
2001 Botique & Sales,Arlington Heights,Boutique
Carter's,Mt Prospect,Children's clothing store
Only Sunshine Boutique,,Boutique
Instant Imprints,Arlington Heights,Embroidery service
Kidz Bedz,Arlington Heights,Children's furniture store
Bath & Body Works,Arlington Heights,Beauty supply store
Robyn's Nest Boutique,Arlington Heights,Consignment shop
Public Salon and Shoppe,Arlington Heights,Hair salon
Route 12 Arctic Cat,Arlington Heights,Snowmobile dealer
Just Unique Boutique,Arlington Heights,Boutique
Amelia's List,Arlington Heights,Child care agency
Sega 503 Store,,Perfume store
OFFCAMPUS,,Clothing store
Community Threads,Arlington Heights,Thrift store
Tag collections,,Women's clothing store
Hairs 2 the Bride,Arlington Heights,Make-up artist
WINGS Resale Store,Arlington Heights,Thrift store
Jos. A. Bank,Schaumburg,Men's clothing store
"DSIGNS, A Graphic Services Company",,Digital printing service
Ross Dress for Less,Palatine,Clothing store
EILEEN FISHER,Schaumburg,Clothing store
Paper Crown Gallery,Arlington Heights,Clothing store
Goodwill Store & Donation Center,Arlington Heights,Thrift store
Runner's High 'n Tri,Arlington Heights,Shoe store
Brewery Shoppe,Arlington Heights,Custom t-shirt store
Donation Drop Spot,Arlington Heights,Thrift store
Gap,Schaumburg,Clothing store
Ross Dress for Less,Mt Prospect,Clothing store
Your Final Touch Boutique,Prospect Heights,Boutique
TRAP HOUSE OF FASHION,,Clothing store
Target,Palatine,Clothing store
Express,Schaumburg,Clothing store
Levi's Store Woodfield Mall,Schaumburg,Clothing store
Walgreens,Prospect Heights,Drug store
Gap,Deer Park,Clothing store
DXL Big + Tall,Schaumburg,Men's clothing store
Target,Wheeling,Clothing store
