name,address,type
Book Lady's Book Attic,Bartlett,Book store
Colleen Julietta Thomas Book Store,Bartlett,Book store
Millioncolony,,Comic book store
Elgin Books & Coffee,Elgin,Used book store
Bargain Books and Software Inc.,South Elgin,Book store
Barnes & Noble,Bloomingdale,Book store
Geek Inc. Comics,Carol Stream,Comic book store
Sunset Center Shopping Center,,Book store
Half Price Books,Bloomingdale,Book store
Thom's Comics & Collectibles,Elgin,Comic book store
Quo Vadis Polish Bookstore / Vitaminka,Hanover Park,Book store
Brotherstone Publishers,Elgin,Book store
Ecc Bookstore,Elgin,Book store
Judson University Bookstore,Elgin,Book store
Chapters Bookstore,West Chicago,Christian book store
Dugans Discount,Carol Stream,Book store
Town House Books,St. Charles,Book store
Kanish Setapartandchosen Book Store,West Chicago,Book store
Thunder Comics,Streamwood,Comic book store
Foreign Christian Books,,Book store
Banbury Fair,Bartlett,Antique store
Marathon Books,,Book store
CVS,Bartlett,Drug store
Walgreens,Bartlett,Drug store
Goodwill Store & Donation Center,Bartlett,Thrift store
Dollar Tree,Bartlett,Dollar store
Barnes & Noble,Schaumburg,Book store
Newman Educational Publishing Company,,Book store
Barnes & Noble,Geneva,Book store
Half Price Books,Schaumburg,Book store
Savers,Carol Stream,Thrift store
FYE,Bloomingdale,Book store
Bartlett Coin Shop,Bartlett,Coin dealer
Wheaton College Bookstore,Wheaton,Book store
The UPS Store,Bartlett,Shipping and mailing service
The Book Shop,Batavia,Used book store
The Bookstore of Glen Ellyn,Glen Ellyn,Book store
Prairie Path Books,Wheaton,Book store
Half Price Books,Algonquin,Book store
Oberweis Ice Cream and Dairy Store,Bartlett,Ice Cream
Wheaton Bible Church,West Chicago,Church
Bartlett Oriental Mart,Bartlett,Grocery store
Verizon,Bartlett,Cell phone store
Town Liquor & Food,Bartlett,Liquor store
Exotic Adult Books and Videos,Roselle,Adult entertainment store
Ziegler's Ace Hardware,Bartlett,Hardware store
Meineke Car Care Center,Bartlett,Auto repair shop
Folletts College of DuPage Bookstore,Glen Ellyn,Book store
Suburbia Liquor,Bartlett,Liquor store
CubeSmart Self Storage,Bartlett,Self-storage facility
"Trafic Services, Inc.",Bartlett,Sign shop
McDonald's,Bartlett,Fast Food
Edible Arrangements,Bartlett,Gift shop
Barnes & Noble,Oak Brook,Book store
James Yonkee,Bartlett,Optometrist
Electronic Computer - Gaming - Cell Phone Repair,Bartlett,Computer repair service
Half Price Books,Naperville,Book store
Walgreens Pharmacy,Bartlett,Pharmacy
CollectorMount,,Collectibles store
Tekkies Computer & Gadget Repair,Bartlett,Computer repair service
Barnes & Noble,Bolingbrook,Book store
Wheaton College Campus Store,Wheaton,Book store
Rails Unlimited Inc,Elgin,Hobby store
Zebulon Adult Boutique,Roselle,Adult entertainment store
Centuries & Sleuths Bookstore,Forest Park,Book store
Half Price Books,Countryside,Book store
Hope Community Church,St. Charles,Book store
Barnes & Noble,Deerfield,Book store
Quimby's Bookstore,Chicago,Book store
Walgreens Photo,Bartlett,Passport photo processor
Royal Christian Bookstores & Cafés,Forest Park,Christian book store
The Book Table,Oak Park,Book store
after-words bookstore,Chicago,Book store
Half Price Books,Orland Park,Book store
CLC Bookstore,Vernon Hills,Book store
Illinois Institute of Technology Official Bookstore,Chicago,Book store
Crossway,Carol Stream,School supply store
Cherry On Top Ice Cream Shoppe,Bartlett,Ice Cream
Village Commons Book Store,DeKalb,Book store
Half Price Books,Vernon Hills,Book store
Armanetti Beverage Mart,Bartlett,Liquor store
Unabridged Bookstore,Chicago,Book store
Lake Forest Book Store,Lake Forest,Book store
The Book Cellar,Chicago,Book store
The Book Stall,Winnetka,Book store
Seminary Co-op Bookstore,Chicago,Book store
Rediscover Records,Elgin,Record store
Open Books Pilsen,Chicago,Book store
57th Street Books,Chicago,Book store
City Lit Books,Chicago,Book store
Savers,Hoffman Estates,Thrift store
College of Lake County Bookstore,Grayslake,Book store
Family Dollar,Elgin,Dollar store
